4 7 4569 12305 12697 720 7611 9682 9450 
4 4 10717 12361 1621 4569 
4 5 4569 4449 4540 7615 7797 
4 7 7797 7464 4510 10410 10449 1453 7552 
4 3 7552 7524 4464 
4 3 4464 7668 7480 
4 3 7480 10520 10352 
4 4 1453 1643 12313 1500 
4 2 1500 10337 
1 3 4569 12346 7586 
1 3 7586 4625 7797 
1 3 7586 10477 12489 
2 4 1453 1643 12401 6968 
1 5 12489 12458 7485 5001 6968 
1 4 6968 9829 2082 3960 
1 5 3960 7981 7836 6798 12782 
4 4 10337 12341 1927 12782 
1 4 10717 10333 1678 1770 
4 8 10717 4757 12513 1753 10532 4871 11772 1827 
1 4 10717 9802 4811 4740 
1 5 12489 12778 6803 8025 5103 
1 4 4740 10340 12624 2055 
1 4 5103 10798 10702 2055 
2 6 2055 9908 2102 10867 12720 10740 
1 4 7797 10615 10192 12735 
1 5 12735 7422 492 11942 10352 
4 5 10352 10380 12325 1433 12381 
4 4 12782 12728 4955 10740 
4 5 10740 12791 5044 4796 853 
4 5 853 8115 7986 12374 1562 
4 5 3878 6882 3863 11799 6845 
4 4 6845 6892 6984 3957 
4 8 6845 3824 822 3847 11758 11769 11789 11800 
4 3 11800 4442 6890 
4 11 6890 9825 3685 6710 11656 691 695 11641 9654 6713 9450 
4 3 6890 3853 6855 
4 6 6855 11760 11776 831 9796 1595 
4 6 1595 12437 11635 954 7831 4569 
1 10 10412 11841 9931 10439 10468 7643 7791 10657 8083 12501 
1 4 12501 10824 10615 7797 
2 4 12735 4594 9996 12384 
3 3 12381 1480 11975 
3 3 11975 1547 7202 
3 5 7202 10047 11927 1019 1132 
3 4 1132 11783 6943 788 
3 3 788 11738 10412 
4 4 10412 6846 873 3957 
1 4 7138 11927 1019 1132 
1 5 7138 4491 10495 7643 7791 
1 4 7791 10657 12568 1445 
1 3 1445 4527 1595 
4 5 3878 6911 9850 9832 6732 
3 2 12381 1572 
3 3 1572 1584 7388 
3 6 12381 1572 12439 866 10489 9834 
3 3 7388 12752 9834 
3 2 9834 1843 
1 4 7791 10909 5090 12384 
1 5 7202 3994 7118 638 12384 
3 5 6855 9760 971 10441 7588 
3 5 10412 3823 10343 7646 7588 
3 5 6890 882 3687 6707 11654 
3 7 11656 6710 9667 722 11695 3763 3775 
3 4 11654 749 3763 3775 
3 7 11654 734 3733 3702 6717 1436 9693 
3 3 9693 3806 9850 
1 2 9450 12357 
2 6 12357 12456 1760 4664 4807 1866 
1 6 1770 11788 12577 7536 9880 1866 
2 7 1866 6752 10618 12597 11667 4790 4872 
1 4 7644 7304 1424 4285 
1 7 4285 4342 1619 1338 12459 7462 3732 
1 4 3732 3712 3906 6732 
3 7 4285 634 7379 12291 1284 7433 12149 
3 4 12149 7291 9601 4345 
3 3 4345 1341 3778 
3 6 3778 3635 3608 605 6797 3775 
3 14 3778 3635 3661 9634 11602 9480 7366 12278 12582 602 777 10718 4775 7899 
3 5 7899 1769 4875 1873 4872 
3 6 4872 12145 3721 12593 12663 10611 
2 6 10611 4739 9669 6726 515 3010 
3 4 3706 10684 11440 10611 
3 6 3706 4765 4877 7853 1858 1408 
2 7 3010 6754 1347 4877 7853 1858 1408 
2 4 10717 10333 10676 12586 
1 4 12586 10595 10569 12620 
1 9 12620 3750 12566 7877 10706 7880 4857 12572 4860 
1 6 12586 7852 3855 3613 4749 4794 
1 6 4794 10711 13640 7688 7888 10582 
4 5 1827 3869 10535 4668 10582 
1 4 12620 1875 7745 4794 
1 6 4860 12572 4857 7760 4610 4794 
1 6 1770 7458 7539 10478 11589 9450 
1 3 4740 7904 5103 
1 5 1408 4428 10157 7414 7315 
1 6 7315 7386 7442 10271 10183 12211 
1 5 12211 4380 12281 528 505 
1 3 505 3644 610 
1 5 610 9730 6757 6745 9713 
1 3 9713 3678 9671 
1 5 986 3840 9637 3677 9671 
1 4 986 6881 11859 9814 
1 4 9814 11757 7517 1562 
2 10 1562 12461 1892 12859 7964 8119 13646 12736 13645 13644 
4 7 10582 4865 10662 1740 850 7879 4799 
2 6 10582 1663 7756 12134 10422 10159 
1 4 10159 11698 710 9713 
4 5 4799 4657 12303 12374 1562 
1 8 9713 6699 6694 6876 11763 941 10483 9814 
3 3 4510 4444 12489 
1 4 3706 7718 10593 4860 
1 5 12620 12667 1867 9880 1866 
3 5 12782 6987 6785 12369 5015 
3 5 5015 13612 13088 5021 4956 
3 4 4956 13608 7913 1965 
3 3 1965 13595 8089 
3 3 8089 13596 12810 
1 4 1965 13594 13601 10730 
1 3 1965 13602 4887 
1 3 4887 12755 2008 
1 3 2008 5052 13089 
1 3 2008 13606 13619 
1 3 13619 12804 7921 
1 3 7921 13615 10895 
1 5 10830 10916 8003 10853 7921 
1 5 5015 10769 13611 13629 13630 
1 4 10740 8097 13627 10830 
1 5 10830 4898 13628 8033 4908 
1 5 10895 8057 1945 4977 4908 
1 2 4908 10765 
1 4 10765 8012 3834 853 
1 3 12810 10889 13584 
1 3 13584 13591 1900 
1 4 1900 13589 13590 10886 
1 2 10886 12823 
1 5 10717 1564 10370 12463 7586 
