1 853 
1 1445 
1 1453 
1 1500 
1 1562 
1 1595 
1 1827 
1 1866 
1 1900 
1 2055 
1 3010 
1 3706 
1 3732 
1 3775 
1 3778 
1 3957 
1 3960 
1 4510 
1 4569 
1 4740 
1 4794 
1 4799 
1 4860 
1 4872 
1 4965 
1 5103 
1 6710 
1 6732 
1 6845 
1 6855 
1 6876 
1 6882 
1 6890 
1 6968 
1 6984 
1 7138 
1 7586 
1 7588 
1 7791 
1 7797 
1 8032 
1 9450 
1 9693 
1 9814 
1 9834 
1 9850 
1 10159 
1 10337 
1 10412 
1 10611 
1 10717 
1 10740 
1 10886 
1 11654 
1 12357 
1 12381 
1 12384 
1 12489 
1 12501 
1 12586 
1 12620 
1 12735 
1 12782 
1 13584 
1 13630 
